14405
31912
14758
32200
11768
8374
26164
4935
24546
7650
2740
22931
30803
27070
3721
28071
7757
6139
10741
25574
16448
766
10373
973
10112
28708
27143
8491
14008
16586
21432
30126
13216
32400
16208
22054
32612
18130
16289
12151
21368
13565
8902
18311
3429
14707
2764
11436
4189
1979
24826
23462
13877
1978
5580
10851
8732
6638
3938
10488
24780
3966
21041
11698
15050
32767
549
28128
12368
3908
30804
4597
18564
28728
9425
19508
7385
11125
27760
22882
20584
11045
24885
4880
22647
13861
23333
4163
22611
24814
23531
17882
9778
18067
14349
2521
17234
6861
18839
9574
28407
15670
25650
11856
16377
20322
24989
23038
3282
30173
18976
6206
21921
26551
32215
25043
730
21764
14391
25885
30854
17149
17147
7105
28736
6282
21053
28609
14878
12791
28209
8862
28007
20314
15852
3292
1547
26325
312
12620
11217
17516
22726
19490
32750
10041
13213
14959
9488
25371
12770
14715
3458
2292
28691
4006
31650
9472
26416
23439
20503
24150
15840
25438
20385
12017
6026
16098
5970
21692
8861
11177
1899
20240
26529
19626
31127
18528
27902
15656
16685
7182
11047
13295
13368
26969
9576
3203
18274
19248
23813
11010
18034
16923
14286
23764
238
10955
10540
13760
22
31062
7974
11700
11981
19726
4439
12395
31280
15364
29321
12779
26460
1731
11869
2913
11020
30416
30092
3260
13483
26799
27048
24491
7764
14751
18455
12939
6574
7124
20326
32022
22542
7437
7581
21585
20724
25884
26263
4210
30920
27464
28710
1351
19363
28623
23844
10558
18258
7760
13303
26664
18807
32660
4731
444
19047
25336
19298
15902
65
28059
31906
10993
22280
30464
19194
12204
31344
29417
23541
24756
1895
11344
2333
7991
2868
13076
14779
17388
29063
10031
22255
2089
3821
13985
9513
23382
18081
7112
14789
2556
21640
29234
21121
22225
22991
30573
22112
2681
15879
25906
29241
9867
18998
26864
10479
12733
7282
8086
27978
21149
3399
31749
28260
15405
28145
2824
124
7494
10574
3714
13027
29558
7728
7379
8235
15823
4909
10855
8049
28608
28209
4633
17482
5798
13952
23042
31860
30919
5656
14051
12683
26814
15687
10299
27401
20222
19256
28209
10848
15838
902
8860
27851
21861
3830
4518
28066
19795
12276
1767
19347
23786
10267
13157
27438
29632
30968
524
15088
15513
3443
5760
27481
16461
15243
24727
7023
21157
8570
30966
6956
6138
19164
975
21114
27034
8372
14847
13442
30388
29485
26123
31418
27177
30956
770
11264
2592
31285
29226
23951
9389
31819
23724
22557
261
16218
24146
31770
18863
22329
887
9231
11885
11711
31365
29697
3720
13883
1315
2573
31716
31648
26344
10716
26377
20818
11758
234
20872
30550
24906
26040
17057
8220
16674
29534
16865
22249
32169
311
933
1106
27670
17969
28148
26554
14294
28155
7865
13093
6589
2170
17278
20312
25224
29755
5690
4976
21445
24201
15138
23148
15808
18412
3438
31156
14244
14512
32263
7393
14136
4704
3136
1724
20648
27777
20538
18601
24
96
21913
23268
28248
5189
1728
1297
19572
9951
14151
27968
21426
408
23504
25256
14814
17575
21022
29905
26605
11294
15527
12709
224
19437
2928
11604
4281
11361
26661
4994
29614
26430
21450
12937
23907
12280
1440
3225
24837
21572
23766
8079
2621
29924
24609
20552
22845
21766
7446
19428
11557
30226
30210
21471
29276
14345
11672
31790
1482
15194
13878
13284
448
6284
28100
8069
30668
9240
16622
29592
18954
1510
30476
3515
4202
23415
6896
24244
10309
631
10045
24441
21714
20665
16982
19887
16460
31801
21156
21913
24471
21062
6282
21732
6067
9730
29356
20595
2437
14053
8313
8541
5481
18373
7141
13296
30542
29777
5920
29396
32099
9309
9983
29691
1005
29481
18681
1299
24788
20597
21212
14479
28670
16235
19316
25615
13151
25249
29532
23276
24617
29134
25675
11236
9320
25786
17964
16109
26650
20536
10556
30985
7089
20581
19633
15669
14126
27618
4268
20813
13093
32473
6468
26661
2437
22899
12669
11633
12657
9864
25466
3791
418
28824
17784
1122
6832
25290
26230
31400
32094
28030
3396
6412
11330
31859
16335
433
13794
10814
30926
30365
921
27406
2242
13327
8134
22290
32015
502
2215
12749
13603
11277
14420
24215
14063
21981
23566
15017
24685
14894
20777
14016
8810
11125
26258
17843
18318
30820
13345
4683
8025
21957
14143
16388
9351
18822
13631
4129
9192
5136
28123
133
20556
27790
6375
7797
13391
25314
15585
6351
1487
30299
2830
7607
5626
8234
30042
9328
29804
32732
28977
32140
16331
19866
869
31392
25065
20478
28902
21004
21485
7585
30331
22423
20549
8875
22661
22639
11739
23602
30294
10581
20767
6529
8705
13225
14839
19552
29621
11839
23703
2140
7980
21486
21283
20381
2483
1571
14239
24236
14350
28853
9827
