8283
31979
24931
32433
19680
23330
15017
26484
10605
31491
10389
5368
18257
28389
15053
16469
24442
1895
12064
9758
7471
16988
28727
2275
19165
15080
2987
11866
18157
3879
31015
10952
25572
13770
4370
1971
10674
9390
25404
13617
30660
14316
4046
25031
7447
1150
16410
4403
18734
2283
17216
18111
18692
18864
2072
3213
15970
19968
13338
28872
32043
17326
29453
1084
7450
22794
19996
13250
14840
7501
21562
29977
30791
17548
32295
31681
662
28342
16469
23897
13385
31171
6803
18509
367
28175
26314
13131
9932
25091
2717
30204
20253
9407
6279
30042
1765
32496
31246
24594
6808
20019
10079
32272
6105
19861
17438
26628
9958
5200
22981
19551
5247
20162
23813
19033
14647
3858
12715
9263
23183
1017
8080
27832
32720
1423
4775
14614
28998
1387
24465
30948
25459
28203
30163
19783
3875
300
6785
23846
8168
28373
15245
26456
24800
12595
21847
2111
2271
9823
23413
7445
32435
27523
16710
3103
26493
6956
15136
3745
15234
7170
3100
10301
6607
3089
24870
11103
16436
24899
18757
1490
30763
32566
1305
2504
18470
5184
14807
4546
10663
25380
5177
29452
22705
10879
18910
24844
9001
1597
18868
27515
10959
10388
25173
3644
18054
14651
10334
22046
7692
27195
30810
3613
25868
16239
24805
5640
9677
30296
25810
14974
24829
15481
30249
17708
6055
4954
13134
7786
430
3121
4721
31401
5925
19194
11134
5927
16788
7539
1657
18353
2492
27774
7185
17982
14038
14611
24354
21368
8657
25230
935
32761
26761
13910
31526
11011
213
21964
28500
10274
7032
16209
4225
10960
4440
24440
5013
16229
7630
30617
3327
22656
31428
31515
30374
20883
12646
23292
7501
28094
10283
31550
26641
3273
2499
9621
7476
28225
9569
19330
186
23787
4951
24003
27966
21267
15768
9278
9973
28448
23250
14488
14255
29769
10476
16109
31509
28612
25434
32429
18258
8119
31244
30408
1969
15373
11276
562
22937
943
4423
1415
11199
18230
31554
26703
16155
19124
3854
3145
11037
19634
49
27421
4860
7536
21274
10634
22161
5424
21204
8178
31088
22340
22409
2785
2186
23275
6239
24893
11487
517
21346
31218
9306
12030
24693
19631
5891
1604
13392
5114
15890
20730
6392
6000
5941
21416
30709
5625
17766
26345
29781
14932
2968
28451
14954
9235
9048
7929
12084
17207
5859
14463
22809
20970
2306
13886
30338
10464
17585
31562
28613
7511
30244
513
24642
21374
5293
6247
28653
24159
25583
10952
30345
24021
7053
29984
23669
25359
13655
4081
22272
28697
8115
21654
32285
17229
19077
14551
22125
11666
1340
22520
7762
15604
22462
10241
6282
10968
4901
9003
31913
25863
22952
27039
8681
5001
9907
27132
24725
9741
27423
31572
2440
24379
28299
5865
24098
25142
3919
25659
11767
28729
31945
19209
23159
22966
26284
19636
27891
27597
5679
6737
30346
31841
30603
2521
13878
12443
22979
18414
30925
9911
31744
743
16707
16062
23607
17785
25028
12186
25110
13562
10601
1344
2368
26193
4288
26522
24082
12328
20217
841
23031
13685
14593
19885
17787
22962
30944
2617
17990
22427
20180
6772
26358
26780
10099
7214
12611
31367
31594
2502
19499
25509
7405
22319
32328
31055
24296
30667
22971
23603
27238
29374
26201
904
2605
11732
29522
27072
4838
2495
4049
2881
12964
2513
18158
3188
14089
30694
26922
28860
3620
10048
12019
10565
9611
2897
16275
30161
10942
20915
2230
1893
12272
32674
2133
12465
22371
18783
23144
14353
8548
28923
11906
32012
30285
32438
6038
20456
21800
22381
3535
28259
30179
12401
9278
11752
2711
27277
5924
5761
12794
18812
13711
28907
31732
11898
4659
9892
176
23263
13069
15764
28051
10868
18614
31628
26134
22544
20325
16684
26457
24231
24343
14698
11153
6310
30781
14691
25087
23900
4627
16279
30694
16171
31071
29196
4973
9731
25306
7538
24850
2314
17332
10169
7320
27253
27180
10362
16211
5048
22286
9242
20102
3662
20077
31096
29991
29276
21283
27786
11827
29728
13623
30356
3388
11169
6470
3423
4192
23168
12697
25774
6576
18276
21311
6196
21327
13477
31544
15488
10649
13536
12195
10183
22023
4336
21667
27112
16919
8057
3648
23040
29227
15313
13564
11947
6475
22682
14415
27157
24915
19981
31485
20476
28661
4889
6011
14932
12746
312
13778
7714
3034
16347
1273
19667
23359
15644
15722
14024
9376
18174
8441
6508
14720
15464
11852
23698
13459
19624
21774
13255
31672
13244
7202
23119
19275
20579
23867
1892
24921
19483
10366
11804
897
25793
31525
4694
3252
11652
28126
23715
1012
24206
396
19160
21423
24410
12559
31300
10201
22467
29084
24732
19590
7077
11508
30323
13399
25218
30429
30197
201
22186
1513
21966
8010
26034
17493
30529
5289
9719
13576
22716
28256
10981
20099
15254
5410
12841
22760
14291
