7888
3429
3008
7406
25013
26808
15282
23259
7928
2059
25816
25494
23572
3137
15131
13949
29292
28038
20933
6128
16235
23466
10688
19879
21200
4610
29749
893
9108
5176
17804
3770
32200
7519
30720
30457
7708
28229
16962
21247
8820
11705
27336
8229
5446
26309
12997
18856
23188
29457
15723
29035
19251
13139
13952
21735
25797
4406
11475
32104
25887
4128
21725
9801
18871
22087
5283
3029
6100
3156
6719
25044
20568
5387
18209
1535
24560
25169
26237
27316
29108
5399
19536
28993
8889
26859
17893
26804
20603
4463
24631
28910
30383
5468
2119
2998
3952
22640
29935
15003
28761
276
66
18759
4202
17502
6952
32517
24899
15477
17879
32477
13107
13569
12106
26738
26202
18728
15791
31141
30138
9183
22510
28349
30698
29666
9525
167
2283
16800
10811
24058
3402
14665
5414
7472
5560
8768
24376
10519
18179
29622
32495
18548
1691
22186
30330
30675
28758
29926
21504
6833
9764
11437
26715
30969
28256
5493
3255
25507
14032
25274
20476
26951
25957
9697
8497
27247
18080
20738
6808
6080
3187
2622
3047
5702
28883
29186
10737
23585
6807
28679
11825
26797
22870
29082
23324
15649
32241
8476
25068
8220
15168
12447
27677
876
1302
2038
24099
2008
11030
3178
18065
9110
5791
26778
8514
15412
17719
28009
23828
1816
28660
16119
3730
22882
3811
2813
11540
7876
10427
15385
25909
18406
1582
22406
31971
16581
30969
24404
24024
13716
25256
10809
14491
3566
20714
3891
2557
27037
7747
3741
14055
10516
4851
25422
15356
31350
11052
2526
30740
2505
13909
15511
15035
7607
12819
11769
15454
17418
8305
5832
14904
28976
15577
29305
6884
31404
29510
14269
19682
14456
4895
20121
31332
31715
5475
23428
848
8708
2455
15697
28470
3221
11063
22170
16061
15817
2702
8261
28643
31505
17321
11250
17212
14546
16470
8364
17599
5326
8138
23587
12527
17705
19176
6389
8974
13315
32100
25520
2337
7527
7301
5974
13703
26998
5012
10255
14899
12294
7296
15627
31514
6507
26541
15250
17006
5912
32204
411
1974
24066
1184
22558
25235
25437
11100
25495
32179
4782
9137
26434
30343
22488
25329
6291
11465
2961
6148
26642
5442
20410
6666
16088
218
8154
16163
27638
7043
25677
12881
2528
31258
29233
15127
16666
14734
26895
12180
25778
159
1419
1837
19446
24665
17688
27155
13231
25243
20432
13814
23957
9718
26181
26140
29657
29025
28012
7779
12329
368
12231
2509
12343
4185
29321
15152
6217
5901
5544
27842
26332
10687
26585
32365
32578
4245
785
10869
6613
7786
30753
28915
14658
23897
8035
26539
25211
6744
13799
30582
11740
30310
26918
6637
15157
28096
623
1432
28671
10203
17545
12850
4464
9431
20165
5197
2518
7167
14832
26803
31478
24748
23767
30163
19273
20353
28369
13455
19217
31405
11180
28907
11996
19246
32186
2195
3451
11139
591
21972
32185
22474
19977
20564
4344
16527
10706
24713
30622
30491
12865
3398
10081
7691
12336
16687
19081
4658
14060
1402
11797
6382
26592
24463
31559
8313
16690
25575
30141
27062
2776
11804
24622
3508
17708
27733
2052
24900
27196
18333
21075
26009
26585
12004
21655
18332
1924
2552
7480
6852
24073
14635
29840
21752
27224
19567
19084
19208
31696
21073
27171
23815
6042
348
16611
31487
13380
27340
4152
27184
7742
9593
13949
23232
8198
9929
22164
12696
4682
25259
30382
9161
32604
7302
14086
32293
16548
806
17065
7306
21184
21103
2188
24561
32402
23578
26570
13913
3671
6892
32153
29561
4589
2491
23926
586
19477
6986
21441
13169
25487
17451
29986
5210
13950
9109
14484
2514
30046
5371
4345
1821
14047
5445
31871
31928
18296
21596
38
27717
10287
26104
10738
3672
22871
7614
13938
2897
10988
9700
13597
10937
27904
9940
26209
4304
26681
4518
13334
18824
8758
4053
2928
30264
4341
20549
25532
28086
21996
14145
13064
29584
32604
29108
27758
20840
16552
29132
3617
9858
18814
3904
20282
31236
17564
3468
852
6783
2532
30471
30221
26219
31739
20907
20662
6923
2832
26525
2743
11883
385
20973
17142
16223
8864
23749
18723
8408
17857
928
12006
5326
891
16024
28201
28034
11901
16305
1412
20310
16638
26513
30218
9594
1759
18487
17448
10056
32278
3620
3178
7650
962
29718
31742
7581
24614
3958
12240
7455
29153
30829
22450
6515
31993
25085
21385
26371
30621
7981
18311
31971
19714
27453
3412
12161
32164
28233
24288
5400
11639
21165
13676
5512
13644
22958
21357
14827
18703
12582
1424
1779
30503
20251
21412
24928
11610
9193
20427
26177
31831
21019
3100
20842
8951
23508
26894
17680
16554
8079
7648
14695
28906
17882
17476
30185
14511
12384
19665
23176
23369
25375
10064
5075
11948
22382
19222
12164
17056
23389
32480
32678
18569
19426
11320
21850
9667
