8611
7196
13342
16828
25802
15233
14306
9414
27172
16282
19896
14587
12144
319
3997
26920
5353
27219
16397
21663
24457
20265
25910
1352
29317
21113
9957
9362
14755
11684
16050
20531
4694
1185
5276
22264
120
30375
30398
27279
30641
17195
3938
11682
15048
23941
1128
32335
12163
4384
5524
690
5798
15465
12502
25457
19772
29524
20681
26515
2737
9490
6498
11402
20168
25896
24006
19475
4109
26065
21843
27920
27388
1038
1198
1696
12717
7235
11564
29733
29032
15123
10566
32745
19206
20656
29958
4435
2315
25385
23869
32313
29638
8306
27972
24337
6063
8735
18798
31530
10002
24757
17951
21759
302
13478
18963
32630
26881
29256
9054
18316
32022
22413
6390
30064
13643
6006
28587
6065
11089
30698
20391
11735
9641
14625
16984
29161
13523
20978
12200
30518
8484
32637
7760
15666
30619
15630
14997
19480
23673
25196
23406
15638
6056
18751
4385
26344
12787
31871
4859
31412
3362
23999
26791
19420
3708
5429
987
26085
31014
22429
12507
10183
17720
6269
3773
19513
24498
17978
26108
23295
21524
6222
527
19553
8553
21015
15092
17004
7077
14733
428
4778
9666
15618
10922
19405
13136
6504
14206
25659
14922
30247
22150
14466
9061
3860
16316
10293
28713
16368
20721
17904
20670
7970
18530
30114
7605
2462
3184
25831
14376
9621
31799
10551
6841
7899
32130
13105
31846
23507
20409
6945
24832
29557
20169
13388
7140
13591
15919
13343
14494
12345
4864
14672
25407
23458
9224
15831
18011
12339
6595
8614
15701
27384
4027
732
31409
9507
18144
31426
3337
6962
16466
6641
18456
31292
5776
2945
2700
10928
20521
25780
15380
25848
6251
19074
24789
27513
31405
19864
24631
5319
15755
15758
820
1180
22913
32583
12189
11881
4070
3154
7839
11257
5011
14577
13591
12729
6837
15326
7462
1861
26687
19247
10409
16826
27466
5482
11675
26979
7222
15397
29327
22797
8670
21340
27510
14604
6333
26915
16807
1067
24105
31435
32452
7018
30909
25868
14735
5122
25929
27972
23329
12224
16163
17606
23584
479
30056
9449
23215
19688
20698
25945
4357
32326
27593
2761
20088
23955
7992
18738
20155
2830
3082
6142
19509
1154
19882
12278
29381
10367
26076
27598
23334
30298
18825
24250
9647
10555
6885
26908
28257
16199
4728
17124
25493
4575
2494
22937
32760
17183
467
4120
19274
9216
13779
30851
14150
6915
14869
28192
6903
27613
21448
18013
9149
3672
89
29233
17860
25580
29922
26891
30838
11760
5608
32411
19683
28734
6565
28915
3360
22953
9737
17030
5766
24245
26984
28486
9038
3105
8322
26045
14853
24527
23371
18743
23518
5245
25412
19350
12260
27171
21640
27800
11414
27672
27768
25040
22707
3356
20670
17160
31427
17187
1385
23709
2022
17630
6492
17095
26901
11532
14930
7285
26312
2972
23557
435
15464
4750
30006
22182
24318
6836
17983
3701
30300
25727
10502
28891
29852
31918
20241
6357
2537
16558
5461
23408
21568
3457
21619
32116
27764
3686
31397
5086
3505
10679
26620
7494
14169
329
15497
8507
18579
19499
23683
26492
17263
28059
5825
1696
10915
25337
31415
16851
19590
20197
22705
30738
16089
19945
21681
22186
1514
26277
1
8295
22168
13560
15902
31107
15579
32580
5290
20436
3781
30423
30606
20068
15724
11991
18478
27200
21015
7240
27258
19039
19090
22291
20170
25849
20939
9089
9690
18588
21927
8999
6063
15077
16488
2681
23692
2926
13386
2536
10934
13482
17499
71
32349
21818
8015
21797
15172
6824
18715
25773
13923
20035
24956
18923
1078
21103
18709
21295
23270
3618
31514
4065
18685
3366
5562
7744
16100
4843
8786
27284
24896
24532
30351
32315
6955
26977
7739
26339
32509
22601
19264
7202
22832
4403
19479
19057
27055
10069
28100
10125
28474
7755
28879
22817
20680
11269
13930
2111
11969
13147
30467
2685
19101
25611
16453
11926
13176
20452
19431
27670
13745
18454
24456
30382
23448
6592
20375
32049
24042
2293
23729
16434
24241
26397
22681
720
18984
22300
7670
21549
32289
21139
3095
2493
30158
32589
21490
1311
1643
6154
32075
32460
16690
30595
1150
10200
2567
11286
10334
3260
22117
14159
17873
19007
14558
12061
15118
13506
24642
15002
12067
22533
20617
6580
5822
19819
29160
31866
20959
18774
28226
3336
17753
32019
11068
16764
53
15264
13879
30203
2874
16296
27569
1047
17998
114
30411
26351
247
6951
29681
7045
32396
25968
21333
4893
6381
15840
5123
31640
26397
25417
4442
20360
3326
8592
9675
26552
3115
4890
14588
24151
19955
18454
26893
10663
16376
4238
3511
13241
30797
11730
3794
22682
10175
12373
27812
21772
25744
346
5902
27413
24070
1554
23466
17612
23997
23719
10430
818
8795
11189
15360
16659
628
12722
29925
16677
8937
17661
5820
17615
15609
11190
29396
23038
