29839
2894
27203
1739
8855
14126
26513
6632
31988
20234
25041
15836
1682
5487
30517
28188
15108
22993
27538
25276
22808
161
7399
11913
16803
3882
13344
26545
15366
26154
28708
1330
27099
31295
493
12028
17381
11383
5164
12181
13558
11095
5378
30777
1166
20925
30888
6071
11436
3406
11272
4553
32719
11546
11764
16254
2566
22782
21315
29650
736
32376
17623
12133
21384
25201
16047
2141
23665
12297
23442
6730
19243
12217
20848
13987
17263
25013
29604
23834
30981
3170
12467
25079
23646
20085
11317
2749
12542
7644
1595
23371
26116
18372
18635
13941
5943
21945
13400
22934
9809
23061
29908
19252
27814
22142
5829
1346
24236
9490
3535
26982
28272
15203
6734
5826
21823
18030
14238
9166
20310
24044
23753
22110
26191
4068
7708
32045
21902
9830
17186
13137
23854
7470
32582
1773
22683
23031
3403
27275
28779
11198
32659
14177
31690
16541
10909
29762
27570
11901
24727
7967
27403
21126
7738
10763
5770
24775
30500
4404
14075
30364
13918
6346
6138
22679
20434
15062
5453
9755
2286
3592
2931
32040
27153
15442
29863
16181
26204
32178
2967
12645
12709
1934
9586
6515
8429
796
23255
11993
25193
8402
28873
17583
4685
10433
17191
433
13464
5650
7712
3362
29145
8351
18646
12671
22055
21796
25996
1503
14619
30452
21740
4905
11205
27496
11687
23321
27270
8800
10792
29923
15187
26126
66
13099
27072
26655
29047
24703
29252
3393
21090
18378
28128
24781
26584
24539
23724
18558
30777
11178
176
17367
11307
3759
16041
422
22819
13418
22862
21746
1003
26096
13927
27727
2183
4936
6831
31964
3067
20576
8055
28001
14560
16386
7162
30198
11985
14543
27654
8781
9853
10231
3042
23882
25997
20680
6038
10397
7441
26865
495
19670
15265
3291
16171
20854
22563
11369
19432
12815
10944
19495
15009
23551
483
8769
10560
27263
1065
22613
31384
14122
19716
3302
8215
26425
9754
8642
5386
1734
1944
21746
2740
27308
29343
24319
29339
19500
6985
3205
16775
10886
29675
8301
6416
3776
11495
10021
7259
25089
26622
8555
14762
4997
18127
1741
8332
6663
2906
3869
30541
7597
28573
28167
23122
27657
5948
5189
1897
19380
25743
3128
32529
30431
19963
23116
22751
26171
26098
10234
13656
21662
32430
29078
2954
14852
9645
18854
26055
8210
22193
18807
19380
28005
8479
14144
7302
20194
30325
20573
12631
6250
9950
29657
29932
3409
26654
20374
13401
27260
15512
17078
26185
29608
29795
11974
9978
14770
30916
11573
5948
1304
4223
13605
25476
4556
17763
5102
4257
22465
5317
11754
3899
11677
20142
21752
16451
9932
14907
10575
18599
8040
16442
21805
20773
9810
3065
16206
24005
20493
15864
11317
28277
6636
8213
26677
7435
26153
17636
29380
18587
24104
25873
26351
12423
11903
17540
195
23316
17587
7711
9449
27181
27287
2227
26741
12395
6237
12683
23826
30538
24795
3392
11339
16192
24381
28778
30
30166
2873
4253
2946
10395
8401
10471
1396
22383
28776
26592
19556
23739
7689
10543
7008
22868
17467
21320
21788
17480
910
15377
21709
14946
21777
31371
25353
10583
12073
21346
30712
29211
10270
9683
32181
12854
9076
22527
19122
8865
12011
1771
25186
26114
11933
2347
15853
24550
7027
30427
17005
15120
28484
2057
25884
15528
22728
26005
27076
5704
31843
6855
7823
705
6822
12885
14045
17520
18220
18448
22519
16019
24644
23161
27072
31555
10174
28193
25540
7206
16900
16036
19838
24641
30249
23153
23987
21370
17797
29034
16930
27933
14484
13794
23298
10973
18001
18847
15671
7228
19192
2016
16664
24965
9174
25428
20089
13764
29819
25401
31527
6048
23858
21828
3047
17555
13975
6982
22221
22567
9253
7548
26517
7155
8811
31786
20221
28341
28583
6618
32056
3415
8695
15330
7405
26575
32365
31904
18999
1599
15001
20391
1043
11544
16542
30660
9536
25731
9932
26981
12611
32027
13464
8154
22998
19286
19922
23819
23118
25473
25789
32590
2276
30922
17925
10025
8523
6637
28323
20082
17349
25084
17913
626
21787
8851
5762
20218
15123
14316
11299
1545
412
1205
24791
31360
4410
13122
2150
15462
5232
7502
8392
29526
17786
3931
17206
19952
4021
909
21451
842
8315
7569
24523
17399
16250
620
12053
22558
17817
25647
30920
13293
20452
10275
13737
9406
30109
27030
6829
1134
502
751
23033
5752
27127
30718
4551
30984
12775
31935
5437
3505
4761
10317
4086
5352
11158
18081
20021
13301
15463
26699
23954
31300
21922
11704
10407
14475
21590
10082
14132
2606
9586
1278
4066
26477
20164
23797
13215
18294
25714
20470
25537
26950
17134
28504
13560
14168
7462
18384
22439
17165
19127
29675
2867
5673
11458
15460
1100
29960
32254
879
10775
5814
16727
5214
18329
24262
15015
26247
26376
26964
13796
20272
5465
