30477
11979
17463
15343
31394
23676
2050
23817
7751
30270
6609
3824
28036
20255
18181
15459
13124
31265
27047
9054
10478
25815
3884
15434
31208
12017
11753
23923
27821
10467
31550
22928
18489
21850
16330
9546
18065
4359
10082
15499
10076
13910
3371
10034
2603
13442
24709
24000
13308
7678
20755
21483
4141
17265
22990
10197
15447
7096
29393
9913
23238
13703
2050
105
7551
20136
16836
23795
31502
29644
9980
15261
6906
18449
31974
5098
5397
22234
13810
25206
26163
30265
24858
13510
27978
27906
15295
12816
5
7307
11097
15617
22766
9585
26445
15584
13824
22416
1248
22019
6649
29930
31409
13651
6697
17729
29097
23954
28933
14538
11942
16982
15315
14635
1272
27233
16201
4666
30518
12830
5469
15735
7271
24275
5844
23684
10316
24859
309
30277
868
18171
15263
4855
20746
11758
14214
29273
24053
7779
15386
6709
22935
3390
907
18322
24927
29084
24952
19293
9206
10868
18758
16215
5928
2406
14325
29732
3452
7368
15388
30864
23529
17902
14713
25367
21320
27256
10279
26217
8718
28126
10579
26114
12770
13467
25545
25665
5463
20032
2378
9040
3038
29504
17717
27817
31604
20873
10652
3785
19771
11012
23181
6376
28915
634
27800
15708
14574
15025
28201
28847
18808
12875
3715
25473
31361
25708
11492
18888
14681
13540
11516
7124
8456
24599
16239
19845
3269
4351
5648
17580
18591
28436
18021
21343
21139
28544
3904
22940
18954
382
5367
14544
2217
17653
25888
24365
10153
3771
21555
11035
7557
12554
13139
12311
26918
29924
25350
20967
21002
23084
12838
5439
8670
5328
29688
17022
167
7446
12071
21793
11841
23210
3144
5680
25388
13315
20827
20995
5655
29072
27544
5714
14121
9460
21022
2708
15413
28518
21232
24775
29333
20889
13937
2246
10938
30453
4401
28103
27032
19890
7601
31235
5815
26428
27493
27587
3242
14566
12129
11850
7816
5445
8088
29486
10764
17468
27928
28428
15079
19893
24573
11958
19913
9597
23218
2322
20889
21321
9979
23667
12581
18632
4277
10930
15726
17500
20679
31761
27614
32547
7933
12004
18759
3382
256
17758
22540
16482
15066
4719
21648
22590
6584
10266
7925
6665
1459
18516
16346
8361
21927
29724
5587
7674
9600
10891
13095
28643
30192
10426
5088
5042
24288
28492
15758
3521
17155
16060
31332
304
21616
21140
18950
8791
15198
19015
14992
31875
17580
10488
26209
14556
4646
10862
20862
22854
9518
17340
14906
1054
31593
29051
6499
20192
11018
22083
28940
8418
12760
11264
3686
3111
9968
10892
2345
1669
13642
23765
29047
29322
24796
26207
15527
5441
3093
32203
15924
6483
19934
1811
3561
6424
20136
10505
23457
27655
4134
30976
15015
29963
25804
17825
8567
13629
29012
1372
11687
3211
8990
14289
12536
7815
27885
27049
13327
3661
13046
23232
7855
17742
9926
28276
19194
4986
27049
12647
342
708
14796
9027
13885
14632
5111
24022
15637
359
28013
20592
8756
18493
14784
6334
509
18705
10938
15383
10361
23294
8191
17704
3125
12332
22687
31236
20021
11217
19524
25099
24250
22565
13325
2379
28276
15700
11286
31778
21425
21468
11782
19981
25569
1576
1963
2971
7971
2204
2283
19677
1716
28518
11973
19888
3049
18818
16088
1289
18043
29527
5452
1668
5150
27899
531
22797
5559
31665
19378
18381
6354
20562
26695
23746
6256
6547
23811
5707
16471
12949
29707
11904
2560
15301
16276
16708
31814
9749
27659
29147
2185
3780
2699
29816
4701
21256
1014
24972
813
9576
6675
30201
23115
18227
11159
5340
8694
28505
67
2477
1145
20390
17560
30612
18060
24100
11926
18369
4352
27694
1669
13869
8773
11559
8482
25838
26137
5091
20977
31163
3953
8808
13132
27645
22484
15588
16726
8285
4626
13832
2169
614
13957
9553
9212
16100
13202
24325
25825
15100
9724
29522
13286
26467
16044
18059
1770
12083
170
15265
26273
8997
8144
16936
482
17970
8605
7016
88
14631
1522
4090
9566
3921
27621
24003
31847
6893
1853
1166
21986
12371
20831
23000
7456
20188
28070
26856
31463
1734
26579
30890
1993
24394
5982
14797
28683
13127
10736
10244
24364
1375
27514
26177
21628
22073
27790
5172
6362
28315
8020
8667
1844
11766
12133
16611
19260
5356
21925
28127
3503
3965
5744
17123
28464
29345
1617
19654
10067
28688
31043
16815
26807
8138
22860
15488
13082
10227
26209
17189
1142
13046
31900
7109
43
22197
12961
13312
8526
14841
19807
20655
12839
23754
29628
31493
14739
737
19080
22148
15072
4015
21442
6059
31945
6707
20781
6823
32248
26041
8117
18294
18185
17816
14794
12974
30934
302
4484
9352
13302
1406
22291
30793
19994
27324
13122
21160
24006
14593
18568
11775
5853
22715
12636
20693
6698
107
12393
844
9867
4717
28673
30351
17651
428
2181
2631
