13411
32211
27228
1038
494
27820
16249
25150
12258
21150
22986
9798
31933
10899
16038
10256
2733
6564
8683
7142
24648
27751
1478
23092
14325
28339
28022
9435
32748
517
25220
3082
6999
6379
8789
13615
28928
21569
17678
18404
1665
14935
19286
15204
27074
27341
32470
15341
26293
19322
28491
17401
24927
31863
16370
19493
19324
32628
28543
13482
12962
31692
18791
22491
1947
1908
6445
13518
4536
4407
29152
20198
5035
31531
7967
23524
8756
15114
23065
19804
7122
14025
32258
24599
20686
11119
17709
21870
26984
2289
8977
23040
28519
9551
6148
1035
7447
4781
18013
15837
7306
30235
3658
16917
18984
22794
18870
31243
11322
24734
26537
22413
13560
10467
28651
21791
14617
20548
18505
31382
23328
18593
28239
25225
26755
13842
1298
15352
22795
4899
13443
23083
29235
19098
31275
22613
24426
30877
25720
12496
26487
21714
795
11234
17438
25210
1031
13660
27025
30362
17524
16568
9297
24609
17366
24077
17528
28682
18294
14472
17505
2111
14263
4531
18841
5440
23548
19348
11903
15981
12706
12675
13192
17802
7716
27698
462
20484
26803
2266
21568
31088
18456
30758
23239
6108
17982
23279
13438
32145
3591
17419
31596
9217
29159
8607
2720
15055
16548
27615
15607
11789
1966
2709
29452
16774
32588
5951
20948
29532
24305
15757
12375
29094
26379
24533
17365
5029
27157
26254
7767
7230
25512
30135
3806
24783
4244
10362
3488
9873
19296
23976
31631
3558
20814
3691
21691
29802
11287
18446
16653
23452
2527
14431
1316
13711
5904
30388
26666
17669
2565
31824
5535
18587
2890
31508
22926
18454
21900
707
11565
9632
2081
27224
29068
16522
28055
11539
24840
9896
9553
15608
25582
22558
18328
30720
28344
16233
14065
22912
5870
8665
24792
21883
17303
7584
4236
30315
8256
28444
14043
9173
9381
5313
14399
23350
32649
15299
18216
15856
13458
13887
14000
808
28849
15289
17718
13486
24321
4129
16963
28943
14913
18406
242
17380
22723
16965
25200
29556
31853
960
4139
16193
897
22207
21928
16844
26032
21997
4982
29454
15255
4491
6597
2463
21452
11681
31504
13145
16827
124
7990
14867
30894
16698
6827
8683
3781
26803
28952
31997
8431
24840
9768
21436
14066
29959
27445
9787
15146
3654
17252
573
10868
32452
20078
16552
32456
6804
10744
9433
19685
29415
17778
23887
12471
32718
30306
16448
26939
22636
28941
21686
7661
2421
15066
24328
23586
2999
25557
3011
28964
14360
27971
7375
9035
17385
14874
24154
11294
7360
14269
32760
13798
19134
12448
31058
7240
30811
29672
24206
26843
18771
8173
12947
8820
8786
26301
23165
8816
12417
13832
5264
17967
27085
24248
8157
3597
6041
31477
7092
8827
25668
24154
10689
1917
23531
16474
5110
9115
14702
6056
14419
30620
19911
31290
13202
1698
6124
11864
22902
3794
23218
3046
27431
31749
20159
6272
9397
10765
29057
10093
6006
25459
13896
31243
13278
28246
1836
11466
9724
3348
20860
22523
24919
19500
4967
884
21418
7023
18358
8634
56
4220
31699
6796
14539
15670
31003
6984
24933
30857
9132
15601
5129
7267
29215
29609
9006
20547
12606
14976
1111
5103
22367
16042
24356
28019
17793
19569
25047
23132
4089
23777
25633
23941
29218
28478
29023
26674
883
13908
4266
21573
22753
29922
29787
8709
21436
8141
32662
2877
3430
30826
16300
21454
6748
17918
25572
18489
14047
6490
15996
6676
20457
1196
1523
16081
15491
6623
16007
26132
20566
27146
1811
7155
5636
13129
15322
10408
22319
8791
17002
2627
29379
1150
2843
30045
26403
30682
21997
27220
31368
10192
31544
25512
20020
89
5610
1672
29846
30088
25151
26434
30240
26479
644
26694
5815
2253
9034
29800
2914
28716
1166
22465
31411
11496
55
29621
13529
22575
8519
6769
4081
26526
22710
15503
9521
32618
13167
29860
25333
5396
3509
6221
8081
15043
30270
14864
14734
17909
804
28343
32340
26665
9445
1836
31959
20812
10494
23723
12512
30667
30988
10764
17773
12526
1241
8318
19664
10202
11404
14966
21482
32542
14364
24345
16365
14593
11193
23828
7746
9548
19601
727
11219
29183
27901
2036
30535
9416
26364
24119
4667
13913
26992
23053
26937
30886
2669
8499
17344
10794
21227
32600
5888
9154
17398
32515
18424
5418
18102
31850
24872
20399
15111
29505
27057
1984
27640
9792
3590
31201
27104
18103
21123
29681
28756
19837
3716
16120
11702
18038
3530
7379
13819
19224
22941
32088
23575
16069
6893
24305
17480
5900
26215
15574
13492
23485
8069
3959
32563
14372
31821
24156
5761
13309
31623
6066
25196
27215
15436
22999
26868
12817
14505
7799
16645
3159
26922
850
21712
26470
5287
9363
28248
31268
5001
19201
20510
4451
10466
25847
27049
30287
4013
29034
16870
15310
29399
15492
21030
24749
22350
24819
18375
