2974
30917
4115
9945
16615
19780
28760
31272
6798
3123
10304
21144
13865
31493
15844
6994
24655
12297
24651
8996
16736
14731
3309
19676
9671
30527
3497
28497
25371
20497
18058
24192
24240
20305
4704
12227
26349
10734
2542
5236
7631
20916
13088
12049
23064
7986
14088
3681
18080
23113
3805
10985
24210
31846
14290
24907
16052
16257
21273
18530
15857
25669
15206
26839
6293
1955
32417
17140
28711
24946
19450
19188
12268
1281
22222
17356
22131
26222
1938
23653
17310
4891
827
21633
9746
13687
28329
15909
6930
6154
5252
5507
6433
29570
3684
137
20303
3520
2797
7062
20861
754
5017
32642
24197
11411
12295
28306
23272
30400
3625
25096
22831
21272
5648
11168
23856
15333
30170
28577
281
20138
15224
8259
14809
10132
6431
26781
21665
27442
22810
32621
27266
18795
13151
30636
27934
6557
22848
21789
696
16877
27453
13367
25313
31219
5053
1763
16690
29729
18642
3961
9816
4061
14821
4448
25922
2934
7148
23807
11022
17569
21043
25077
29329
21105
11668
4134
25207
16898
18765
14836
30965
25380
4826
26987
8822
14417
7168
100
28528
22379
20284
8032
10489
7734
5789
25624
11861
9423
16772
4390
11099
10581
13171
30095
15742
23856
11617
26431
12956
23249
9323
17270
17318
765
20479
18399
16013
26166
10441
23320
9272
31018
31059
27752
28139
7917
13463
22083
26359
2163
23286
3699
24403
27290
23136
6596
19485
16304
22968
24925
18294
28095
18299
10091
425
21902
8161
2685
21452
14973
12468
11504
24465
19794
26344
10433
27864
31400
30355
29414
11270
2921
21337
6882
1754
12332
16755
7246
31086
27769
20451
26282
16515
6226
30218
24790
22704
11129
14877
8117
32090
20652
10879
17541
19971
27967
25373
21767
1165
6890
17602
22414
23610
13660
26297
20393
4157
28067
9512
11299
569
3824
22666
7106
5878
11076
8342
31090
23303
27824
27952
10439
19170
29235
17631
13984
28575
26477
32143
3913
7835
762
13367
21175
10730
31166
26759
8009
18444
13433
9206
16170
32266
28812
10281
16492
6533
16637
31278
32727
10175
15199
4329
30274
6318
1311
22034
5707
15270
17539
5324
31567
21690
9832
7661
2139
16552
2142
9416
32179
15956
8150
25395
27971
26937
19850
28799
26435
11648
26949
20154
20250
31197
15588
24934
16855
18230
29345
28834
15217
7537
12891
6570
4638
17609
7260
10713
1472
16278
17849
18184
6922
28107
1227
30969
19324
31771
28743
29872
6910
28205
5079
10555
8419
26600
21265
19598
22632
18200
8059
25796
10044
31705
16145
6309
22280
31807
14718
15647
29729
32760
13358
4199
8924
26918
1897
21111
8882
5393
16553
16686
30371
3783
32590
378
5551
26241
30114
6038
8117
19433
32026
22877
7668
15754
25549
932
10904
13086
8076
30888
14655
30106
7015
11925
28128
18431
30659
31493
17915
8177
16705
16923
10321
4948
11435
19768
24253
10187
22640
22918
10516
160
13878
13922
13475
29276
14343
9958
30321
12321
6604
22015
952
19096
24819
12452
5840
25578
20783
7559
15578
11168
22180
28458
1308
19448
12277
23471
919
28545
8190
2986
333
14133
9917
29777
10627
13262
28537
8714
25561
3962
19059
4602
24082
8600
10506
1163
27762
10044
32660
2502
18205
25419
30485
13607
18926
21029
11173
10965
17134
17697
22102
24094
20593
26712
5983
5171
19080
23385
32711
5328
5983
8325
7667
4847
15649
4393
30889
26501
29894
4427
10840
14504
23764
674
2624
19867
19130
7791
13025
8724
3471
27814
16863
15483
29672
13981
9045
27297
13435
14175
4831
18095
25806
15727
4214
25153
25295
24292
4053
8445
2083
27913
5747
621
29286
20747
31279
22793
9950
26415
28876
32307
3270
27708
3538
1535
19227
5790
15624
9398
30411
15419
6859
17540
30931
377
27962
16899
1391
4588
29821
23179
1097
2218
5550
31899
21784
28797
31664
5573
4747
15422
13376
649
19320
28617
8842
18341
17202
11561
8214
23066
13622
11313
25066
28431
4322
15507
10275
13404
9435
20708
18996
20021
12703
28093
16344
20237
2450
9016
22812
28965
59
29155
11938
22011
3254
23100
13761
12875
11757
21983
32255
19465
13058
30066
23598
30535
13351
8255
16375
4218
24178
24656
19765
38
24442
30931
3235
31900
16143
5139
11916
14062
2184
21614
16562
8401
15979
2611
26823
10061
1752
6004
3331
6953
18699
20093
5636
1261
9613
5575
23887
13069
24399
32652
2427
7711
9949
19374
25373
11568
25485
25776
702
17399
23386
14827
11559
140
12793
32077
3315
27952
2769
31047
16877
19853
738
29412
30762
17419
24916
8128
12899
8563
20563
14696
5928
4336
17108
11423
11957
11922
18854
1531
17458
20000
28915
12920
9754
16644
17628
6744
10466
19652
8753
25118
16752
27129
3859
341
18423
23249
8699
16240
4612
4180
13182
27322
955
3954
19349
