16023
20695
3671
5816
13638
25043
8261
13201
17861
16702
6038
15690
1163
24842
3119
12560
18498
1778
19084
20806
26714
14625
27116
22441
28435
32428
30813
18706
29413
19111
28810
10651
10961
18974
7752
15382
28991
5379
15865
20223
5582
12300
5561
26878
22264
21550
16705
28206
14795
24994
3938
7558
2245
2812
754
789
2279
18425
21831
18882
14608
32490
4176
6298
20143
4292
32526
12608
9217
6525
7911
11093
30694
28440
14841
17642
1861
26741
11201
24589
9459
8261
12049
9264
2090
18085
22613
26671
9587
19605
30997
3930
6961
26404
14605
13553
4465
27039
28455
8664
17572
15875
31831
27993
4365
18585
26374
25875
6450
28535
18098
1082
8914
13237
29195
26783
22521
24801
3601
20129
30953
10240
13795
29097
13247
25746
21452
11321
29091
8666
6317
13117
5513
8583
25564
24234
3128
22202
9717
21290
7883
24771
31756
14775
15295
6172
12525
16761
17968
19941
11078
18176
4512
20411
8772
22258
1231
22404
18934
30680
17869
20338
25401
25402
8945
11121
11439
13591
15617
23553
27868
137
20125
31187
14774
12156
14055
9316
18062
17790
32310
19860
19932
29762
27893
31761
2022
22402
19340
10300
15247
628
13443
17512
24900
2609
20150
14841
24017
2824
5387
12587
11269
20121
25600
30951
19378
17340
13552
12488
20068
24747
21448
9593
29282
19311
17002
4710
3766
10024
25706
17027
31894
32299
23975
13003
19604
23967
4686
1577
12159
5395
28393
14915
14018
20864
19443
6892
6686
29078
3094
17562
11995
30004
24628
7871
14999
19392
27718
2174
13694
2353
19393
18408
7289
29607
1557
7101
22027
6802
2936
12420
23811
8972
3612
213
32159
753
21218
12844
4044
20723
17896
21708
17495
29796
6692
24098
22791
10247
4885
29928
32751
25429
10754
18150
19356
15478
1170
11838
12546
8217
4023
5387
17868
11949
10016
22306
9365
1829
13535
20723
16075
20075
32130
1138
788
29696
20700
22753
15247
21597
24616
13120
21079
1878
31445
2335
6682
22821
24521
19793
18182
12824
7280
10981
22104
31440
7967
18915
13160
15663
9908
8007
9890
32414
3493
3768
8691
13877
3566
12753
17305
10184
1041
15648
17244
30435
31647
12817
7696
21189
22134
593
25753
7263
17496
19393
15833
10485
3765
13458
11821
20555
3689
17573
31489
12667
12226
4234
1143
22839
230
16954
15529
15070
25886
29459
2200
24404
23661
13899
11299
26168
3584
16402
3639
6686
18118
5550
31604
21608
14546
14285
18131
25550
15185
2343
6145
18421
20084
32107
20037
27400
32075
5074
7354
18946
6031
985
19456
23489
10750
5651
310
12245
1843
28860
1433
13791
26510
16235
10536
19186
8295
28943
20148
21056
5860
31311
2329
4312
2975
18594
14733
29996
18161
11160
17137
13048
32163
9309
31681
26686
26730
11451
19882
7486
32163
2468
15053
18141
7889
27817
10105
13350
20412
6629
12969
13196
27783
16720
5455
13933
30464
20800
2034
18254
31617
29716
28768
21339
13011
27043
9528
18924
32256
31326
694
21748
9462
13651
8841
2144
32534
19251
9316
23708
20001
4863
23135
17844
24008
20727
17490
4282
26776
5094
9981
27176
6334
15567
30920
14938
18697
9087
3882
17093
24937
21730
26359
13118
19787
7287
6769
6854
24018
25775
15763
16528
30940
31265
14380
31695
6386
25052
2649
32179
6015
27658
16800
18825
25032
24501
14076
338
27092
4121
2442
1291
24092
15096
19266
10973
26418
16838
22587
21602
15521
2722
15264
13861
3562
15144
25158
4782
11852
13018
17024
13606
5890
10253
13476
7573
29448
13328
9914
22414
20760
16577
163
6055
31188
11277
14301
14495
10391
30797
14733
13871
27215
3394
2685
28208
18248
9552
18726
14219
21165
3286
21353
18204
18783
17092
28939
15206
26943
32473
3350
18914
13922
14107
83
8167
13691
21751
29211
3915
12927
26719
21825
23152
7273
22178
31662
11918
13499
6143
10130
13535
18604
23769
26262
20091
10217
32220
7328
27899
11385
1068
5404
10917
31611
279
11708
18895
1149
19710
30027
16311
10975
14376
8728
31321
9970
6193
4769
18503
19352
5404
13347
726
28106
4915
15751
7714
8361
26274
15487
22306
11597
22860
22628
26407
20679
32620
11887
16891
8565
19786
28403
21483
17227
16567
31928
27901
32284
1538
14504
24000
5468
32525
756
8599
29464
23776
16405
24180
22969
23594
28016
7360
8768
16849
22509
17648
17125
8954
3733
9572
32690
18877
22925
3004
1401
26980
16944
6520
21246
19034
109
20085
11402
29032
32746
31581
15079
20534
15167
20402
25375
22223
29083
20820
3946
6960
3345
3078
13286
4948
17244
30611
6577
24130
28470
4095
28884
9526
15961
7175
24028
22094
26307
11868
27242
2798
24087
1172
12895
18331
26697
25623
16357
5478
10299
5488
15734
19835
2042
27376
26435
12422
30638
25805
9265
12332
16826
25842
