5746
13414
13613
17518
22799
14925
18764
16415
3553
19297
28513
28468
25125
5113
25070
1637
4219
15115
10366
7390
28424
18112
7122
20342
5071
18894
18349
32594
5311
16956
9767
5839
18483
16705
21425
15101
26294
31196
10883
18634
5870
5276
24504
28007
12578
25491
705
10637
13515
10637
10857
2195
7791
20218
20910
10617
2219
18680
27517
13530
7348
5952
3257
28714
754
2080
7562
9158
16744
17253
22490
26677
17446
25241
28140
22297
24072
15215
10397
10650
24648
29639
22590
32188
30695
5334
8868
23740
5215
11617
27792
6663
6414
13876
28090
3506
19498
76
7501
1130
9078
26951
32205
22544
18369
241
9647
22859
8574
292
14320
4379
19238
22159
925
3338
23153
24450
2552
13459
24561
5293
2417
11716
25290
27558
14927
25251
3989
12147
20422
2750
5583
30579
21532
11312
13967
5743
1467
421
6981
9613
9536
23748
32436
31845
6054
18205
32130
13296
11866
29824
22712
23653
17671
2995
13314
17114
12064
8989
303
31762
9904
11994
11934
15319
17485
16737
9158
24990
8377
30510
5497
6413
20378
20494
8332
6221
14716
6885
22212
8975
19835
26271
711
13642
23123
12592
3391
27464
7139
32148
10462
17638
11313
2630
17208
15412
15960
16566
9000
23446
2995
14152
12706
22491
4684
3034
17299
1444
29358
9989
1438
26817
31572
28647
24389
31728
32483
15858
11579
20455
2159
19610
18451
7365
28723
31171
9081
4803
26506
16633
29727
20779
8109
26210
31201
24034
21316
25628
15983
1816
231
27794
14571
4628
15480
14332
8290
8967
21456
19790
28798
1569
10485
18834
162
18751
9121
21273
21053
31041
22785
1311
25606
31765
843
22838
15696
6193
26386
5573
3786
19613
5081
15000
10183
14197
32560
27971
6597
1918
8795
14771
25840
26330
14555
2655
10983
20583
21467
31168
31719
9653
22421
8698
26225
14916
29699
12557
10656
29949
23724
30405
19348
1318
8700
25496
19746
14249
94
15366
23071
1801
5762
25222
5190
18466
32272
30614
18455
602
14542
2221
26118
22168
14329
3233
25076
13953
9699
1278
24822
23250
26793
417
3888
23887
8584
9182
7045
24311
21925
30357
27131
3581
4528
30595
23553
31080
25495
2689
15137
13961
8936
24800
13848
3188
14444
3819
10976
3643
32542
18518
17157
18024
3894
20909
21202
10227
7239
17061
3683
22693
30029
21598
3138
31355
29516
24689
14384
3033
6619
22250
24075
21453
2731
4551
32068
8800
5330
13808
19048
15296
4109
229
28506
11557
7588
21777
2145
18797
24368
7997
7619
6604
22010
25982
24165
31469
10583
14939
32139
3065
22369
19189
26912
27748
24316
14818
22435
12117
10051
29399
11569
3723
32567
10978
13720
15900
17167
12011
27569
24715
6355
28175
21150
20456
22241
30409
24545
24269
9196
32383
6550
195
15484
16522
26358
18742
21327
1250
12204
31670
11316
19791
20222
8864
2662
31425
14374
27258
8622
21271
24500
23129
10369
24111
12193
16049
7424
12400
26337
374
15686
7163
17160
27225
22036
23458
3837
8809
17978
16818
11794
19243
6977
30297
4696
30431
23933
29832
15227
23027
1090
26231
21869
15954
16320
30587
23013
612
20903
24630
12493
313
2286
24309
28368
18759
30856
22061
228
11541
24032
22043
19084
29963
25120
19699
10041
24162
15152
28140
27579
29063
29869
22132
6522
14274
27375
19238
25266
28561
25283
5578
9397
6761
14757
18131
6425
24497
8265
17694
21237
11987
18522
16350
22537
29562
30519
3204
20013
9242
31955
17211
5881
27550
11515
24547
31378
20233
2695
17809
3761
10232
21619
6379
2861
25821
10164
16443
3015
3313
18595
26836
31878
3375
25959
181
12975
9806
32219
1310
19015
18998
23742
27762
29287
5140
26400
843
28745
30337
17536
31996
10890
31607
2723
2895
10922
7302
28495
22024
26755
14143
10927
26003
22684
2801
8172
29090
6570
13025
11443
17630
683
21779
11075
3010
4805
30176
1777
2929
30740
15742
20181
9387
7430
15740
20389
12466
10835
23535
870
17730
19439
24008
7673
28368
18120
4898
23094
20484
3842
30888
8196
8884
1626
23560
21243
9644
5375
14158
4785
30922
12893
17515
9296
15957
31823
20762
16845
14410
24614
11288
11604
10515
20832
10230
17834
23563
12908
286
13026
19401
22339
15611
13528
7748
8888
4235
26494
11105
11427
17747
1576
26031
6467
11637
6427
2367
9370
8256
3285
9381
27704
29306
29453
5814
18789
19378
28526
27159
12257
455
32656
7089
9333
20147
4587
31248
24161
598
11546
24603
13410
14298
5882
16749
7231
4030
20796
26056
1027
4919
8916
14611
25551
2133
22828
4087
19146
24843
18418
13159
31313
9389
11295
28317
10121
26210
30602
23732
2218
9591
295
153
6714
12385
31682
18613
12405
3917
25554
19082
28683
9296
13637
2632
14020
18513
896
1519
25523
11269
13291
13232
